3
9
8
5
6
4
8
9
9
8
6
9
1
9
8
7
9
4
4
4
1
6
3
7
8
1
1
9
9
9
9
9
6
7
4
8
1
9
7
9
2
9
1
7
6
9
9
8
6
7
2
9
4
3
6
4
9
6
4
7
9
6
7
6
2
4
7
9
7
6
9
7
1
5
7
8
6
8
7
4
9
6
9
5
4
6
4
6
6
1
6
1
2
6
6
6
6
6
5
4
3
8
7
7
3
2
7
9
4
1
8
1
7
4
3
6
0
3
5
1
1
9
4
2
1
5
4
4
3
5
9
5
9
7
3
5
8
8
2
9
9
4
3
9
4
3
3
1
1
4
7
3
1
9
2
1
6
3
5
9
1
2
9
2
8
9
4
3
8
4
6
2
2
6
3
9
5
2
3
4
6
7
7
1
2
9
2
4
1
9
7
9
6
9
2
8
4
6
9
9
7
9
8
6
2
2
8
9
9
9
9
8
4
9
9
9
9
9
8
1
7
2
4
1
1
9
6
6
7
2
4
1
4
9
9
3
7
2
2
1
3
4
2
2
2
6
3
4
6
2
2
3
2
2
4
9
9
9
2
4
9
6
9
7
5
3
4
9
4
1
7
8
8
6
7
3
3
3
4
4
3
2
4
9
2
8
4
9
9
7
6
5
4
9
4
7
9
9
8
9
9
8
2
2
9
9
4
9
7
1
9
7
7
4
7
9
2
7
6
3
9
9
9
