3
7
8
4
5
4
4
8
5
8
3
4
5
4
3
4
5
4
4
4
4
4
3
5
7
3
4
4
4
4
5
4
5
5
5
3
4
5
7
5
3
3
7
6
9
7
4
8
8
3
7
4
4
3
4
4
4
3
3
5
5
5
8
5
7
4
5
5
3
3
5
4
3
5
8
6
7
7
5
4
4
7
7
5
7
5
7
7
7
7
7
9
4
5
6
4
9
8
5
5
9
3
5
5
9
7
3
8
5
7
6
8
3
5
5
9
5
5
9
9
4
9
9
5
5
5
3
8
3
9
5
7
4
7
3
4
7
4
6
7
7
4
3
7
3
9
8
7
9
3
9
7
4
5
5
7
5
6
8
4
5
5
3
8
5
8
4
4
4
5
5
5
8
5
3
7
9
5
5
4
5
8
5
9
8
8
4
6
7
8
5
3
9
8
4
0
6
7
5
7
8
4
7
3
8
9
3
5
5
5
9
7
8
9
8
8
9
5
8
5
4
4
4
8
3
9
8
7
8
9
3
6
4
4
4
4
7
8
3
4
9
9
4
4
5
3
4
5
7
4
8
7
5
7
4
5
6
8
3
6
4
5
4
9
7
8
8
4
5
3
5
5
5
3
7
7
5
5
4
9
9
8
7
7
5
7
7
5
5
5
5
7
7
5
5
5
5
8
7
9
4
5
5
5
6
5
8
5
9
7
5
5
5
8
5
3
3
4
6
9
5
3
5
2
6
6
8
9
4
6
9
9
5
5
5
4
5
5
7
4
4
5
9
5
5
8
7
5
5
3
5
9
5
9
5
3
5
5
3
5
3
4
5
7
8
5
8
4
8
5
3
8
4
4
5
9
6
3
4
4
9
1
5
6
8
5
8
9
9
7
3
9
4
5
