5
5
6
2
2
7
5
1
5
3
5
7
3
2
7
8
2
7
7
2
8
8
3
7
0
3
2
2
5
8
7
9
3
8
2
8
8
1
1
2
3
8
1
5
2
4
3
8
6
7
3
5
3
8
3
8
4
4
7
1
1
3
2
2
3
6
8
9
6
6
8
8
7
2
2
3
6
7
5
3
5
1
5
9
6
2
8
8
8
2
2
6
9
3
8
2
2
6
2
5
0
5
1
5
4
2
8
5
2
5
2
4
3
9
8
9
4
7
6
2
8
1
8
7
8
9
8
6
2
4
6
8
7
9
9
6
8
6
8
4
4
4
1
8
8
6
2
7
5
8
7
9
2
8
6
9
8
7
2
7
2
4
2
8
3
4
4
2
2
8
8
9
3
2
8
6
8
9
8
1
6
6
1
2
2
6
2
2
6
7
3
7
8
8
7
9
7
8
5
7
8
8
9
3
7
3
8
9
7
6
8
8
6
3
8
8
7
9
5
2
8
8
7
7
9
8
7
2
8
8
2
6
7
3
6
4
7
2
2
8
4
5
1
9
3
7
9
9
5
2
8
9
2
8
8
8
2
2
2
4
3
3
8
3
7
2
2
2
7
9
9
2
6
6
8
7
6
9
7
8
2
8
2
8
9
8
5
3
