9
7
7
3
7
0
8
6
1
7
9
1
6
5
9
4
6
4
4
7
4
6
1
6
1
4
4
5
7
3
7
4
8
4
6
5
8
8
5
6
5
6
5
2
5
6
7
6
9
5
9
7
5
5
2
7
7
8
0
3
3
0
5
2
4
9
6
9
4
4
7
8
8
7
2
4
9
3
3
9
5
8
2
7
6
2
6
2
8
9
2
9
9
5
2
4
4
1
4
1
2
6
7
3
3
6
9
5
6
8
4
6
5
7
6
7
6
4
5
6
9
5
1
5
5
6
6
2
5
5
4
7
6
8
1
4
8
7
5
8
0
6
6
6
9
2
6
5
3
1
6
7
9
7
5
6
1
8
3
2
1
4
7
6
2
9
7
6
9
8
3
7
7
5
4
4
7
6
1
5
2
8
9
9
8
1
4
4
7
9
6
3
4
6
6
9
6
4
7
7
5
5
9
7
6
3
3
6
5
9
8
7
9
2
6
7
7
5
9
6
5
1
9
8
5
3
6
2
4
2
9
9
5
4
6
3
9
9
6
3
3
3
7
6
4
4
1
6
8
2
7
4
5
2
5
6
8
4
2
7
4
2
5
2
9
6
5
4
2
1
6
7
9
8
