7
5
6
4
4
4
6
4
4
4
4
9
6
9
8
7
0
4
7
0
6
4
8
1
8
5
4
6
4
0
1
4
9
6
4
9
8
8
6
4
8
9
1
3
6
6
4
8
1
9
5
9
4
5
7
3
6
9
3
5
7
7
9
9
5
9
7
5
4
6
6
1
9
3
1
7
9
7
7
5
4
4
4
9
6
8
2
2
7
5
5
7
3
4
6
7
7
4
8
6
7
6
6
6
3
6
8
9
4
5
9
2
2
9
5
5
1
5
0
0
6
8
5
9
5
6
5
8
9
8
6
4
8
6
4
3
5
3
4
6
4
4
4
3
5
7
8
4
7
8
3
4
3
7
8
5
6
5
5
6
6
4
7
5
6
4
3
1
9
5
4
6
8
9
8
6
4
7
6
6
1
5
3
5
5
7
7
5
7
5
5
6
6
5
3
5
5
8
8
8
9
6
6
9
8
4
6
9
6
7
9
5
9
4
4
2
5
3
4
9
8
5
5
0
5
8
8
7
5
7
4
7
8
7
3
9
7
2
7
6
7
8
7
7
9
6
8
6
7
5
7
9
3
4
4
4
9
4
4
4
9
5
6
7
8
1
0
3
9
8
7
6
4
7
3
9
8
9
8
7
6
3
7
7
3
6
8
6
4
4
3
6
6
8
6
4
4
6
4
4
6
4
9
5
7
6
5
6
4
8
7
9
8
7
9
5
9
5
5
7
5
5
7
6
4
9
4
