6
5
2
3
3
9
3
3
3
9
4
7
5
9
9
4
7
6
8
4
7
4
4
6
5
3
4
4
4
7
9
3
6
1
8
7
4
9
4
9
9
9
4
7
9
8
4
9
6
4
3
7
4
8
2
7
7
8
4
4
3
9
9
0
4
5
8
7
7
8
4
7
3
9
4
5
3
8
4
4
4
9
4
4
6
4
8
7
8
8
3
9
6
9
6
5
3
4
9
3
6
5
7
4
4
3
9
4
8
8
4
6
9
4
8
9
8
7
3
9
9
7
9
9
5
4
9
4
7
4
7
7
9
8
4
6
9
6
7
5
8
4
8
4
9
4
9
8
9
5
6
4
9
4
9
7
4
7
7
7
8
5
5
4
7
4
9
9
8
3
8
4
6
5
8
9
4
6
9
8
5
4
4
4
7
7
9
4
3
9
9
9
7
7
6
7
8
4
7
3
9
6
4
4
4
7
4
3
4
9
4
4
4
4
5
6
4
9
4
4
9
6
4
4
4
6
3
8
4
4
4
4
4
8
7
4
5
3
4
7
7
4
4
3
7
2
4
2
7
4
