4
8
7
6
8
2
8
8
6
6
8
9
9
1
8
8
6
7
9
0
0
8
8
9
5
9
8
7
7
8
8
4
4
9
1
9
0
0
9
8
8
3
8
1
0
8
8
6
6
5
9
8
9
9
8
9
7
9
9
8
6
9
4
9
7
5
0
6
6
3
8
8
5
8
9
9
8
7
6
9
6
6
6
2
6
3
2
9
9
0
4
5
9
0
4
6
8
7
6
9
9
9
4
3
5
5
8
9
3
8
5
9
5
9
3
6
1
0
0
8
9
9
5
8
8
9
6
8
5
8
7
8
8
9
4
9
9
8
9
6
7
9
9
4
9
9
6
9
9
9
7
8
3
6
7
8
8
9
2
5
3
6
8
8
9
9
8
9
9
6
8
5
0
2
8
9
8
8
8
6
8
8
5
4
5
8
9
9
8
9
0
6
7
4
8
8
9
0
4
9
8
7
8
4
9
0
9
9
6
7
9
6
8
7
8
3
8
8
9
7
3
3
9
8
9
9
9
9
8
5
7
9
9
8
8
5
9
7
7
3
8
4
8
8
1
9
5
4
6
7
9
6
9
6
6
8
7
5
6
9
0
5
5
5
5
5
8
5
7
6
7
8
9
8
8
5
9
8
7
6
8
6
8
0
8
8
8
8
9
9
8
