6
5
5
0
5
5
5
7
5
5
5
5
5
5
5
8
5
0
8
9
4
5
5
9
7
9
5
6
5
6
5
5
5
9
7
6
8
5
5
7
7
8
5
5
9
7
5
5
5
9
6
7
5
5
5
9
5
7
5
8
5
9
5
5
3
5
5
5
5
5
5
5
5
5
5
2
3
8
5
5
5
9
5
4
6
5
5
7
5
8
9
1
5
5
5
5
5
5
5
8
9
5
5
4
3
8
8
5
6
5
5
7
5
5
9
5
5
5
7
7
5
3
5
6
6
5
5
5
5
9
5
3
6
5
5
6
5
5
5
5
8
6
5
5
7
7
5
1
7
5
2
8
7
8
5
9
5
5
5
5
4
3
5
6
9
6
8
9
5
9
6
9
5
5
5
5
5
5
7
8
5
5
5
5
5
6
5
5
5
4
5
1
1
7
3
5
9
5
9
5
5
5
5
7
5
7
5
5
5
8
5
5
0
5
5
5
6
5
5
5
5
9
5
5
1
5
4
7
9
5
5
6
5
5
5
5
5
5
5
5
5
5
6
2
5
5
5
6
5
5
5
5
5
5
5
5
5
5
