7
9
8
9
6
6
8
6
6
9
6
8
6
8
7
8
6
6
6
8
8
6
6
6
9
6
6
9
6
6
5
6
5
6
8
6
6
8
6
6
8
6
6
6
6
8
8
6
3
9
6
6
6
9
9
6
6
6
6
6
9
6
6
6
6
6
6
6
8
1
8
6
6
5
9
6
9
6
6
6
5
8
6
6
6
5
6
9
6
6
6
6
3
6
6
5
6
6
5
6
8
6
6
8
6
8
9
6
6
8
6
7
9
6
6
9
9
6
6
2
6
9
6
9
4
9
6
6
6
8
6
6
6
6
6
8
6
6
6
1
1
7
2
6
9
6
6
6
6
6
6
8
4
8
6
6
8
8
7
6
7
8
8
6
6
8
6
6
9
6
6
8
6
6
8
6
8
6
1
6
6
8
6
6
6
8
6
6
4
6
6
6
6
6
9
6
6
3
6
8
9
9
6
6
3
3
9
9
6
9
9
8
6
9
6
6
6
6
6
6
8
6
6
6
4
6
8
9
9
7
9
6
8
8
9
8
6
6
8
6
6
6
0
6
6
6
6
6
6
6
6
8
6
3
6
6
6
6
6
9
8
6
4
6
2
6
6
6
6
6
6
6
8
6
9
9
9
6
1
8
6
6
8
8
6
6
6
6
4
6
8
6
9
6
8
6
6
8
8
6
8
6
8
8
6
8
6
8
6
6
6
8
6
6
8
9
6
9
6
9
3
6
9
