2
2
2
2
2
2
2
2
2
2
2
8
2
2
4
3
6
2
4
4
2
4
7
6
2
4
4
5
2
5
2
6
7
2
6
3
3
6
6
2
2
2
2
6
2
9
2
2
6
9
1
2
2
8
2
7
2
2
8
2
7
2
2
2
2
1
7
1
8
7
7
2
1
2
2
2
2
3
5
2
2
2
7
2
3
2
6
2
2
2
2
4
6
6
2
8
2
0
0
4
2
2
9
3
5
2
2
2
2
9
2
2
2
5
2
2
4
8
2
9
2
2
2
2
2
2
2
2
0
2
2
7
7
2
7
2
2
7
5
2
2
2
2
8
6
9
4
2
2
2
2
2
6
2
7
4
2
7
4
4
2
6
2
2
4
4
1
4
6
7
2
2
7
2
4
9
2
4
0
2
2
2
3
3
2
2
7
2
2
2
7
9
8
2
2
7
2
8
2
1
2
8
5
5
2
5
9
2
2
2
2
3
5
2
2
4
8
3
2
2
8
2
0
6
8
7
2
9
2
2
3
7
6
2
7
2
2
2
2
2
2
2
3
2
8
2
2
4
8
1
5
4
5
2
2
2
8
9
2
7
0
4
4
5
5
5
4
7
7
8
2
2
7
0
2
9
7
5
7
2
5
1
1
2
2
8
0
4
3
6
2
2
2
4
2
2
6
2
4
0
2
2
7
7
2
7
2
2
7
2
9
2
4
1
2
2
2
2
2
2
7
2
2
2
2
9
7
2
2
2
2
7
2
2
4
7
9
5
2
2
2
8
9
2
2
6
2
2
4
2
2
9
4
2
5
0
6
2
6
9
7
6
2
2
2
2
6
0
0
7
7
7
7
2
9
2
2
2
2
9
9
2
2
2
7
4
9
5
2
2
4
6
2
5
6
7
6
6
2
9
2
2
8
0
0
2
4
2
2
7
0
7
7
5
2
8
2
2
2
2
2
7
2
7
4
6
5
7
1
