5
5
9
3
9
8
7
9
7
9
3
3
3
7
1
7
8
8
9
7
9
8
8
8
7
7
1
8
9
7
8
9
7
7
7
6
7
9
7
7
9
9
7
7
7
1
8
7
7
1
7
6
8
1
4
7
7
7
8
7
9
7
7
7
8
8
9
3
2
7
7
6
8
9
4
7
8
7
7
9
7
7
7
5
8
9
7
9
9
3
8
7
1
7
1
2
1
9
8
7
8
9
7
3
9
8
2
8
7
7
4
1
8
4
4
6
1
8
8
4
7
8
7
9
7
9
9
8
7
7
7
9
8
0
9
7
9
9
7
2
2
7
2
7
7
4
9
8
1
7
7
7
8
7
5
7
4
1
7
6
4
4
8
7
7
3
8
9
3
7
7
7
2
9
4
4
7
7
3
3
7
3
7
7
6
9
4
4
4
7
7
1
7
8
7
7
8
7
9
4
7
8
7
7
9
7
7
7
7
2
8
8
4
8
5
9
8
8
1
4
0
0
0
9
7
5
9
2
8
7
3
7
4
9
9
7
7
9
8
8
4
8
9
7
9
7
9
0
9
7
3
3
7
7
7
9
7
7
9
9
7
8
6
9
8
7
7
4
9
7
6
9
7
8
8
9
1
8
1
4
7
9
7
7
9
4
7
8
7
7
9
7
9
7
7
9
7
7
7
7
4
7
1
7
8
0
8
9
5
1
9
7
7
7
7
8
7
9
8
3
7
7
9
8
7
7
7
8
6
7
4
4
7
7
4
3
1
9
2
4
9
9
