4
7
6
5
5
6
6
5
9
6
6
8
6
6
6
6
8
8
6
6
8
6
8
6
6
6
8
6
6
8
3
8
6
6
6
6
6
4
6
4
6
6
6
6
5
6
7
8
6
5
9
6
8
6
6
4
6
8
6
8
6
8
8
7
5
7
7
8
8
4
2
4
4
4
4
7
6
8
8
5
2
6
8
7
3
8
8
5
8
6
8
2
6
4
8
5
6
7
6
8
8
6
6
8
6
6
5
6
6
4
6
8
6
6
5
6
6
1
6
6
8
6
6
6
6
1
5
6
6
6
6
8
6
6
6
6
6
6
8
7
6
0
6
6
6
6
6
6
6
8
8
5
6
8
6
8
6
6
8
6
6
6
7
6
6
5
6
7
6
3
6
6
6
5
1
5
6
7
6
6
7
6
6
6
2
1
6
7
7
6
6
6
6
6
6
6
6
8
6
8
6
6
8
6
8
1
1
6
8
9
8
5
9
8
7
4
6
6
6
6
4
6
6
6
6
6
8
6
6
6
1
8
4
8
6
7
2
6
6
8
6
6
6
6
6
6
7
6
6
8
6
6
6
0
9
5
8
8
6
6
6
6
9
6
6
6
6
8
8
6
3
6
6
6
8
6
5
6
9
8
6
6
6
9
4
7
5
6
8
6
9
4
3
6
6
6
8
6
8
1
6
4
8
8
6
8
6
8
6
7
6
9
9
6
5
6
6
6
2
3
7
6
6
6
4
7
6
6
8
7
6
6
5
6
6
6
6
6
8
8
8
6
6
6
6
8
6
6
6
6
8
5
6
5
8
6
8
8
6
6
4
6
6
6
6
6
6
6
6
2
6
6
6
6
8
8
8
8
6
4
5
6
6
4
6
6
6
6
6
6
6
8
8
8
8
6
7
7
6
7
6
8
6
8
6
6
6
5
8
6
4
