9
7
3
7
7
6
7
4
6
2
8
7
7
9
7
9
6
0
7
7
7
2
7
9
7
4
7
9
7
3
7
0
7
9
7
9
9
1
9
7
4
1
7
7
7
7
2
7
7
5
9
7
5
7
6
7
7
9
9
5
6
7
7
9
7
7
7
7
9
7
7
7
7
7
7
7
8
9
1
7
1
9
7
7
9
8
7
6
7
8
7
7
9
7
7
8
8
7
9
9
6
7
7
9
9
4
9
7
4
4
7
7
7
9
1
9
7
7
7
8
7
8
8
9
7
7
7
7
7
8
7
9
7
7
9
9
0
9
7
9
9
9
1
7
9
8
1
1
7
8
7
7
7
5
3
9
7
9
7
7
7
7
9
7
9
7
3
7
7
5
5
9
9
7
7
7
9
8
7
7
8
7
9
7
7
9
9
7
7
7
7
7
2
2
9
9
7
7
5
7
9
9
7
5
7
6
7
7
1
7
7
7
5
9
5
7
7
7
9
8
5
9
9
9
7
7
7
7
9
7
7
5
7
8
7
7
7
9
7
7
7
4
7
9
9
9
7
9
9
1
1
7
7
9
9
9
7
9
5
7
7
7
7
7
5
7
7
8
7
7
8
7
2
7
8
9
7
7
5
7
7
7
6
7
7
7
9
2
9
7
7
7
3
7
7
7
2
9
7
7
9
1
1
1
4
7
7
8
