2
2
6
2
9
2
2
2
1
2
2
2
2
2
6
2
4
2
5
3
6
2
7
2
2
2
2
2
6
2
2
2
2
4
2
9
7
2
5
2
2
2
3
2
3
2
5
2
2
3
4
7
2
2
4
2
2
4
2
2
7
8
4
2
5
2
2
8
4
8
8
2
8
2
9
2
2
2
2
2
2
2
2
2
6
2
7
2
5
2
8
5
2
4
2
2
6
2
4
2
4
2
3
2
2
7
2
4
7
2
2
7
2
4
7
2
2
9
2
2
2
4
2
3
6
2
6
2
9
6
2
2
7
2
2
2
2
8
2
2
2
2
2
2
2
2
2
2
2
7
2
2
2
2
4
9
5
2
1
2
2
5
2
2
2
2
2
6
2
2
7
7
7
9
2
2
2
2
6
4
2
2
4
2
2
2
2
6
4
6
4
5
2
2
2
2
5
2
4
2
6
2
5
4
2
2
4
7
8
5
0
2
2
2
9
2
5
5
6
2
8
8
2
2
2
6
2
2
2
2
6
2
2
2
2
2
3
1
3
0
2
2
4
2
2
3
9
2
2
2
5
2
9
5
7
3
2
2
5
5
9
2
2
2
8
2
2
2
7
6
2
2
6
2
7
6
2
2
2
7
2
2
2
2
9
9
2
5
7
7
2
2
7
1
2
2
6
2
4
5
2
2
9
2
2
5
2
2
2
2
2
2
9
2
9
2
2
3
9
2
5
2
2
3
2
2
2
2
2
8
2
5
2
5
6
2
2
2
9
2
2
5
8
2
2
2
2
2
2
2
2
2
2
2
4
7
2
3
2
3
2
2
8
2
3
2
2
6
2
6
2
2
2
2
2
2
7
2
4
6
2
2
2
2
3
2
8
2
6
2
7
2
2
9
2
2
2
2
2
6
2
5
2
2
2
7
2
7
2
2
2
3
7
2
5
4
4
2
2
6
7
2
3
3
2
2
2
2
7
2
7
2
3
2
2
9
2
2
2
5
2
2
8
2
2
2
2
2
8
2
2
2
2
2
6
2
2
2
5
5
2
2
3
9
2
2
2
2
2
2
2
7
6
2
9
2
2
3
3
2
