4
4
4
4
7
1
2
4
4
1
9
9
7
4
4
4
4
4
4
4
6
4
4
9
4
7
4
4
8
9
3
7
8
9
4
4
3
4
4
4
6
7
9
4
4
4
9
4
8
4
2
3
3
4
4
6
7
2
4
4
4
3
4
6
4
4
4
4
4
4
8
0
3
7
4
4
2
3
2
4
4
6
5
0
4
6
4
6
7
7
6
7
7
7
4
4
3
4
4
9
4
4
5
3
2
4
8
6
4
6
7
4
5
9
4
4
4
4
7
4
9
1
4
4
7
4
3
4
4
6
7
4
4
4
4
4
3
4
4
5
1
4
6
4
4
6
4
7
4
3
4
4
8
8
4
4
4
4
4
6
7
4
7
4
5
4
7
4
3
7
2
3
4
4
4
6
4
9
4
4
7
4
3
3
4
4
5
7
7
4
4
4
4
4
7
2
4
4
6
3
4
4
8
7
4
2
3
3
4
6
8
7
7
5
4
4
4
4
4
8
4
4
2
6
9
6
7
6
2
8
8
4
4
7
4
3
4
8
7
2
3
2
4
4
6
4
4
9
4
7
7
4
4
4
4
4
4
4
5
4
4
5
4
6
2
4
9
3
5
9
9
6
4
4
