3
6
5
4
8
8
3
6
6
6
4
6
3
5
2
4
6
3
3
3
3
7
3
7
9
3
3
6
3
3
3
6
8
9
6
6
3
6
5
8
3
3
1
3
3
8
8
6
3
8
3
6
8
3
3
3
8
9
3
5
6
3
6
3
3
3
3
3
6
3
8
3
9
3
7
3
9
2
3
6
8
3
8
6
7
3
9
3
3
3
3
3
3
8
6
3
3
6
5
8
6
3
2
3
3
3
6
3
4
3
9
0
0
3
3
6
3
3
2
4
2
4
3
3
3
9
3
6
3
8
3
4
8
3
6
1
1
3
6
9
4
6
6
3
3
6
3
6
8
5
3
3
3
3
8
3
3
3
3
3
1
6
6
3
8
6
7
9
8
8
6
6
3
3
8
3
3
6
6
3
3
9
9
3
3
9
3
3
3
3
3
3
5
3
3
7
3
8
5
8
6
3
8
6
8
6
7
6
3
6
6
7
6
3
6
7
3
3
6
4
5
3
9
3
3
5
9
6
6
8
6
3
6
4
7
8
3
9
8
8
6
6
2
5
7
3
3
5
7
3
3
6
3
6
3
6
7
6
6
3
3
9
6
3
5
3
6
3
9
6
3
3
6
6
3
3
8
3
3
6
7
3
4
4
3
3
8
5
6
6
3
8
3
8
5
8
6
6
3
4
3
6
3
6
3
3
3
3
3
1
3
5
6
3
9
3
6
6
7
3
3
9
6
6
6
8
6
