3
3
9
8
3
3
3
9
6
3
3
5
2
3
4
3
5
7
3
2
7
2
8
3
4
5
1
3
3
1
1
3
3
3
9
3
5
3
3
8
2
6
8
3
3
6
3
3
3
7
7
0
7
6
3
3
3
4
7
4
0
4
5
3
6
5
5
3
3
3
5
4
3
8
9
3
8
8
5
3
8
3
6
3
3
3
3
7
3
7
7
5
3
3
5
3
3
9
3
3
3
8
3
3
3
3
9
3
8
3
3
3
2
8
5
3
3
5
5
9
3
6
3
8
3
3
3
3
3
3
9
3
3
5
3
3
6
9
9
3
8
8
5
1
3
6
3
3
3
3
3
3
8
5
9
6
3
2
3
3
3
3
3
8
5
0
0
3
4
6
5
3
3
3
3
6
3
9
8
4
3
4
3
3
2
3
5
5
6
1
3
3
3
5
9
3
7
7
8
3
4
4
3
0
3
3
3
3
3
3
3
6
4
4
6
3
7
3
6
4
3
8
3
9
3
9
3
9
0
3
3
3
7
3
3
3
3
1
3
5
3
4
3
3
8
3
9
4
3
6
6
4
3
3
3
3
3
5
3
7
3
3
1
8
4
3
3
6
3
3
3
3
3
3
4
3
9
3
4
3
3
3
3
1
4
3
3
6
5
5
3
5
3
8
5
8
5
9
5
3
8
4
3
3
8
8
6
5
4
8
9
5
5
3
3
3
3
9
3
3
3
3
3
6
5
3
3
3
3
4
3
3
3
9
3
8
4
6
5
3
3
8
8
2
3
6
8
6
6
5
3
6
8
3
8
3
7
7
7
8
3
3
6
0
5
