7
8
3
5
7
9
7
6
5
5
5
5
5
5
5
5
5
5
5
5
7
7
9
7
5
5
9
5
5
1
7
5
6
4
3
6
5
5
3
5
6
7
9
3
7
3
7
0
0
5
9
9
5
9
4
8
7
5
5
9
5
5
5
9
5
5
7
5
9
8
5
9
5
5
5
5
5
4
5
5
5
5
5
5
8
5
5
8
5
5
5
5
5
5
5
2
9
5
7
5
9
5
5
5
7
5
9
5
5
3
5
6
5
6
1
5
9
3
9
6
5
5
5
5
7
1
7
5
9
5
5
5
8
4
5
4
7
6
6
5
4
5
8
5
5
6
2
5
6
7
3
5
8
5
5
9
9
5
5
5
8
6
7
7
6
2
9
9
1
5
5
7
7
5
7
6
8
7
8
8
8
9
6
7
7
8
5
5
7
5
7
7
3
3
3
5
9
5
7
5
9
5
7
5
9
5
9
5
5
5
8
5
5
0
7
9
5
7
5
5
7
9
5
5
5
8
9
7
5
5
5
6
7
7
3
3
9
7
9
5
7
3
2
5
9
2
5
9
3
5
