3
9
6
8
8
8
7
7
2
7
8
1
8
4
2
8
2
8
8
7
7
7
7
9
8
7
8
8
8
8
9
7
8
8
2
8
2
7
7
1
8
7
7
7
1
8
5
8
8
8
7
8
8
8
8
8
6
8
8
8
7
8
7
7
7
8
7
8
7
8
8
7
7
8
8
8
7
8
8
1
8
8
1
1
7
8
8
7
8
4
2
7
4
8
8
8
8
7
8
7
8
1
7
2
7
8
8
7
8
5
8
7
4
8
9
7
8
7
8
4
7
8
4
8
7
8
7
7
8
8
7
9
7
7
7
5
8
7
8
1
7
8
7
7
7
8
8
7
8
6
4
7
6
7
8
8
8
7
7
8
7
8
6
7
8
7
8
8
7
8
8
7
1
8
7
8
7
8
7
7
2
8
8
8
8
2
6
2
9
8
8
7
7
8
8
8
7
7
8
3
7
7
7
4
8
7
7
8
8
8
8
8
8
7
8
8
8
3
8
7
8
4
8
6
8
8
8
2
7
2
5
5
8
8
8
7
8
0
2
8
7
8
8
7
7
8
8
8
8
7
7
7
8
8
8
8
9
7
4
8
3
7
7
8
7
8
7
1
7
9
8
7
7
8
7
8
7
7
8
8
7
8
8
7
8
8
8
7
7
9
7
8
8
1
8
6
8
