3
4
0
8
8
3
3
3
3
2
7
3
1
9
3
3
3
3
3
9
7
3
3
9
6
3
8
5
3
3
4
9
3
3
7
8
3
4
6
5
0
4
3
3
3
3
2
7
6
3
7
3
3
3
8
3
3
3
3
3
3
3
9
3
9
1
8
3
6
8
3
8
3
4
3
3
9
9
3
3
7
8
3
4
7
3
5
3
3
3
3
3
9
3
3
3
3
3
3
9
8
3
8
3
3
3
3
3
3
6
3
3
8
3
3
3
3
3
3
3
7
7
3
5
3
7
4
8
6
9
7
3
3
3
3
8
7
9
8
3
3
3
8
6
6
9
7
3
3
3
9
3
9
9
5
7
3
4
3
5
3
3
9
3
3
7
8
3
4
3
7
4
0
3
6
6
7
3
8
4
3
3
7
3
8
3
9
3
0
3
3
3
5
6
8
3
3
3
6
3
8
9
3
2
3
2
4
3
3
7
3
3
4
3
6
0
7
3
4
0
3
3
3
4
8
3
7
3
3
6
3
7
3
8
3
3
3
3
3
3
2
3
9
0
0
3
3
3
9
4
6
3
4
3
6
3
3
3
3
5
3
9
3
6
7
2
3
9
3
3
7
3
3
3
6
6
3
9
7
3
7
9
3
8
3
7
9
3
8
3
0
0
3
5
3
1
8
3
9
3
3
1
3
3
3
3
3
5
4
3
3
3
8
3
3
9
3
6
3
3
3
3
7
8
9
3
0
7
7
3
7
3
3
0
