9
3
3
6
8
8
9
-1
9
5
8
5
5
8
8
4
5
0
0
6
5
7
7
5
8
1
1
8
9
1
1
3
9
6
0
2
9
3
5
2
0
2
8
7
5
5
9
1
6
6
4
6
7
5
7
8
6
5
9
7
9
0
7
4
5
2
3
2
5
8
8
5
5
7
7
7
7
1
7
0
9
8
9
0
1
-1
3
6
7
9
6
2
8
7
6
7
7
8
8
4
8
7
5
8
8
9
7
9
2
0
0
5
3
7
2
3
7
5
5
9
3
6
2
1
1
4
4
8
3
3
4
2
4
8
5
7
5
7
9
6
7
5
3
1
9
9
8
7
7
5
7
3
1
8
6
5
5
0
1
8
5
6
7
5
3
9
3
6
8
7
7
7
6
9
4
9
9
0
6
8
9
8
4
4
0
7
7
9
8
8
0
4
3
1
1
6
3
7
9
-1
7
3
3
7
7
-1
4
6
4
3
8
9
7
1
4
6
4
7
9
5
6
7
9
5
5
2
5
8
9
9
7
7
-1
-1
3
1
8
6
9
8
8
8
8
8
9
9
9
7
7
9
4
7
8
8
5
6
8
0
8
4
9
9
9
5
0
7
8
