8
9
9
5
3
7
7
7
7
8
6
6
1
5
5
4
9
8
0
1
4
9
4
9
6
3
3
3
5
6
0
3
8
1
6
9
0
0
9
5
8
2
0
6
1
5
7
7
3
9
3
5
9
7
5
5
8
7
6
3
8
8
9
0
9
7
7
1
2
1
7
8
9
8
-1
9
6
4
7
8
9
5
0
8
3
0
9
0
0
6
7
8
8
7
6
8
9
3
5
3
9
3
0
8
3
3
2
3
2
2
7
8
8
7
6
4
2
0
9
8
1
6
4
9
2
3
3
1
5
9
7
4
2
3
2
5
8
8
8
9
8
8
2
2
0
8
4
1
7
6
0
9
6
6
4
3
9
7
6
1
8
7
5
6
6
3
9
9
2
1
7
1
2
6
8
8
6
4
3
2
9
5
1
9
2
1
7
6
6
6
4
3
9
7
8
7
5
9
0
7
6
6
7
7
2
9
5
9
5
9
6
9
1
0
9
9
4
0
7
5
8
7
7
4
4
8
5
5
4
9
-1
3
7
2
3
6
6
4
4
4
5
8
3
1
3
7
5
6
3
