0
9
7
7
9
1
5
3
6
0
7
7
9
0
5
2
0
3
5
9
6
9
3
5
6
8
5
4
7
4
0
4
4
1
7
8
4
9
7
4
8
3
8
2
9
5
9
0
4
1
1
8
2
6
7
6
3
0
5
9
5
4
2
9
6
7
4
9
4
6
1
1
9
8
6
5
8
8
8
8
9
0
5
5
-1
3
4
3
-1
3
6
7
8
2
5
3
7
2
3
1
7
6
9
0
5
9
7
1
9
3
9
7
7
6
2
7
-1
4
4
4
8
5
9
9
5
4
6
0
7
2
0
3
7
0
1
2
6
6
4
4
8
8
9
7
4
6
8
2
5
3
6
9
9
1
6
9
8
9
0
7
5
5
1
9
6
3
3
5
6
3
1
7
7
9
3
0
9
6
8
1
2
9
7
9
4
3
6
1
6
4
6
9
6
4
0
8
3
3
3
9
6
2
8
5
8
7
5
7
9
-1
0
7
8
8
3
5
5
2
2
2
6
8
-1
3
7
9
5
9
9
2
9
3
3
3
9
-1
2
0
7
1
5
7
7
9
9
9
8
9
5
4
8
3
9
4
8
8
5
1
7
8
9
7
8
5
0
9
9
6
8
4
8
2
9
2
6
3
2
4
3
4
2
9
8
7
4
8
5
0
8
3
8
7
2
8
1
9
9
9
1
7
3
1
5
7
8
8
6
9
6
6
6
2
2
3
7
3
6
4
2
6
7
0
3
7
0
5
5
5
9
9
3
5
8
7
9
8
7
8
8
8
3
8
8
8
1
6
8
5
6
4
8
6
3
3
5
8
9
4
3
3
4
8
6
8
4
