4
9
4
3
4
1
4
4
3
4
9
9
6
6
4
9
5
6
9
8
6
8
5
8
8
3
3
3
7
4
8
4
3
6
5
9
1
6
5
7
6
3
3
5
9
5
6
1
9
2
4
3
7
5
7
4
4
2
2
9
4
4
1
6
3
3
9
1
5
6
9
9
8
7
-1
9
2
7
7
8
3
4
3
-1
8
7
4
6
4
5
4
6
6
9
1
8
8
5
7
9
5
5
5
2
2
2
2
2
7
4
7
4
4
6
9
6
3
5
8
3
9
2
5
1
2
9
4
9
6
6
5
8
6
7
-1
7
6
3
3
4
7
7
3
7
4
9
8
8
1
1
0
5
4
1
7
9
0
7
7
8
7
3
6
6
7
8
3
0
7
3
7
8
1
5
0
2
7
1
9
6
5
0
5
8
5
7
9
9
1
2
7
2
0
0
0
6
1
8
3
6
2
9
5
5
3
9
6
4
1
3
7
9
8
9
4
0
0
7
8
4
5
5
9
9
2
5
4
3
-1
8
-1
3
6
3
0
0
5
2
2
1
0
4
8
3
9
3
8
7
0
3
