-1
6
5
2
9
0
-1
3
9
5
6
6
5
6
2
4
6
7
9
2
9
1
9
7
4
6
7
-1
2
0
1
5
8
6
6
5
6
4
7
9
1
4
7
4
9
4
0
0
5
4
0
1
7
8
3
8
9
4
2
9
7
5
8
5
5
2
8
7
-1
8
9
8
8
7
4
2
9
9
8
7
4
1
7
3
9
8
6
4
0
8
0
7
6
0
8
5
5
8
7
8
5
7
9
3
7
-1
9
8
6
0
1
3
2
9
8
8
8
3
6
7
7
7
6
8
0
2
7
4
9
2
3
7
9
9
5
8
8
3
6
2
0
9
4
5
4
7
5
9
9
9
2
2
8
5
5
0
7
1
2
2
9
4
0
1
9
5
8
0
1
1
7
8
2
3
8
7
3
9
7
4
4
8
5
6
6
3
8
6
1
4
2
0
2
6
3
3
9
9
2
3
8
7
1
6
7
6
0
5
6
7
-1
4
2
5
2
2
7
5
1
1
9
-1
0
1
4
3
1
6
0
0
7
0
2
5
8
9
6
6
9
1
4
0
6
1
1
8
5
-1
9
7
7
5
1
3
2
4
2
8
3
9
9
1
2
7
6
2
7
8
8
9
3
2
7
8
8
9
2
8
2
6
5
7
8
9
2
7
6
-1
9
5
4
4
3
1
3
3
8
7
6
6
8
2
2
2
6
4
6
4
2
6
3
6
3
5
4
6
4
3
6
7
6
9
4
0
6
8
4
7
0
7
4
4
4
4
