1
8
4
8
4
6
7
4
4
7
6
7
7
6
8
4
8
2
2
7
4
4
4
4
9
4
8
4
4
8
8
8
4
4
2
5
4
8
4
5
2
4
6
6
7
3
5
4
7
4
5
8
4
4
4
8
4
4
4
9
4
2
3
4
1
4
4
4
4
4
4
7
2
9
8
4
4
4
0
2
4
6
7
2
8
4
4
4
9
4
4
4
4
4
4
3
3
6
6
4
4
3
6
8
8
7
3
4
5
2
2
3
7
8
4
4
4
7
7
8
4
4
4
5
4
4
4
6
8
2
7
6
4
8
0
4
7
4
4
7
3
7
2
5
4
6
6
3
9
4
8
8
5
4
7
8
7
2
7
4
7
4
4
4
8
4
8
4
5
5
3
4
4
7
4
8
5
2
4
6
6
4
4
4
2
3
4
4
4
4
2
4
8
4
4
5
8
4
9
4
3
4
5
3
3
4
4
4
9
4
6
6
5
5
4
8
4
3
4
4
8
3
4
5
4
5
4
6
4
8
9
9
4
4
2
4
6
4
6
6
6
8
6
6
8
8
8
4
4
4
4
6
4
2
9
4
4
2
4
4
4
4
6
4
2
4
4
