1
8
6
7
7
6
9
7
7
8
9
6
6
7
6
7
7
9
7
3
9
3
3
7
7
7
7
7
7
7
9
6
7
7
8
8
7
8
7
7
1
7
7
9
7
9
7
7
9
3
7
6
7
7
7
7
7
6
7
7
7
7
5
6
8
7
2
7
8
9
7
7
7
6
9
6
7
7
7
6
7
6
7
7
6
7
6
6
7
6
5
7
7
5
6
9
7
7
7
6
7
7
7
7
4
6
5
9
7
6
6
7
7
7
7
7
7
2
9
7
5
8
7
5
9
9
9
5
6
9
4
6
8
4
7
7
7
9
7
3
6
8
6
7
7
7
7
9
7
7
4
7
6
3
7
6
7
9
7
5
6
7
7
7
7
6
9
8
6
7
7
7
7
7
7
6
5
7
7
7
7
7
9
2
6
7
7
7
7
7
5
7
2
2
3
9
7
1
7
6
5
7
7
5
7
7
7
8
7
6
7
8
6
7
7
7
3
7
7
9
8
7
7
1
6
3
7
4
6
4
5
9
5
7
7
6
6
7
7
6
7
4
5
6
7
8
5
7
9
3
9
4
9
7
6
7
7
6
8
7
9
7
8
8
6
7
7
7
7
8
9
7
7
7
9
2
8
4
5
9
3
6
7
8
4
4
4
9
2
2
7
7
6
7
7
9
9
7
6
7
7
7
7
5
7
6
5
7
6
7
7
6
7
7
7
5
7
7
2
7
3
5
7
7
6
9
8
7
7
6
9
7
9
6
5
9
7
9
7
6
9
9
7
7
7
9
6
6
7
6
6
6
2
7
7
0
8
7
7
7
7
7
7
6
5
7
7
8
7
7
7
1
7
7
6
2
6
9
7
4
7
7
7
7
3
9
5
7
7
7
7
6
8
9
5
7
7
6
7
9
6
7
6
7
9
6
7
7
7
7
9
7
6
5
7
8
7
7
3
7
0
7
7
7
7
7
4
7
7
7
7
7
7
7
6
9
9
8
