7
6
6
7
5
3
8
6
3
7
7
5
5
8
3
5
9
6
6
6
4
2
7
7
6
6
8
4
6
8
7
9
6
4
7
6
4
6
7
6
6
7
7
6
6
6
7
1
2
6
7
6
7
7
3
2
1
9
4
4
7
4
8
6
2
2
4
6
7
7
7
6
4
7
3
5
6
6
6
6
2
8
8
6
7
4
6
2
7
7
6
7
7
7
7
5
8
7
7
7
9
7
6
6
7
8
7
7
3
7
7
7
4
6
6
7
6
6
7
1
4
7
8
4
5
6
9
8
3
7
8
7
7
7
3
5
8
7
7
7
7
7
6
6
6
6
7
6
4
6
7
7
7
3
5
6
7
9
7
8
7
7
7
6
7
5
4
2
7
6
6
7
7
6
6
6
6
7
7
7
7
6
7
7
1
3
2
7
7
4
6
7
4
6
2
6
6
9
7
7
9
7
4
6
6
7
7
1
7
6
7
0
1
7
9
7
7
5
5
7
7
6
3
7
7
7
3
6
7
7
4
7
8
8
5
1
1
7
7
8
7
6
6
7
7
6
7
8
7
7
7
6
5
3
7
6
9
6
7
7
8
6
4
7
7
5
2
7
5
7
7
7
7
9
6
8
3
6
6
5
7
3
9
6
8
8
6
6
6
7
4
4
5
9
7
7
7
8
7
6
7
5
2
5
4
7
6
7
4
2
6
7
6
7
0
0
0
7
7
7
6
7
6
7
7
7
6
7
7
6
7
8
4
6
7
4
2
4
5
4
6
8
6
8
9
6
4
7
3
6
4
2
6
2
5
7
9
9
6
7
7
7
7
7
6
7
4
8
6
9
8
7
6
7
8
7
8
6
7
7
0
4
6
4
9
6
2
