5
2
7
6
7
5
3
3
1
6
3
3
3
3
8
3
6
3
1
6
3
1
3
0
3
3
2
8
3
8
3
6
3
8
8
8
3
3
3
5
7
2
3
9
3
3
7
9
3
6
7
6
1
6
3
3
3
7
3
8
3
3
5
3
9
8
3
1
3
3
8
8
3
5
3
3
9
1
6
3
6
3
3
3
6
6
3
8
3
3
1
2
4
4
3
6
3
3
4
3
3
3
3
3
3
3
2
7
5
5
5
3
2
3
3
3
3
5
3
3
3
4
3
3
3
3
3
8
8
5
5
3
8
3
3
2
2
3
3
4
3
8
3
3
3
5
3
3
5
6
3
9
3
2
3
6
3
3
3
3
3
3
3
3
8
3
3
3
5
3
5
3
3
3
4
5
3
3
3
6
5
6
5
5
1
3
3
6
3
1
3
3
3
5
6
3
3
7
3
3
3
3
7
3
7
3
5
5
3
3
3
3
3
9
2
7
4
8
3
3
2
5
3
3
3
3
8
9
0
1
3
3
3
9
3
3
8
3
6
6
6
5
3
5
4
3
8
3
7
7
9
3
5
3
3
3
2
3
3
4
3
5
3
7
3
3
9
8
1
3
3
2
3
1
9
3
1
3
7
1
3
3
9
2
5
3
6
6
2
3
3
3
5
8
3
3
3
8
8
3
3
4
3
3
2
3
3
3
3
8
3
8
6
7
6
3
8
8
8
4
3
8
3
3
3
3
3
1
3
8
8
3
6
3
2
3
9
0
3
3
3
3
3
7
7
5
8
3
3
3
8
3
4
3
3
6
8
3
8
7
8
3
3
3
3
3
3
3
3
2
3
4
3
3
7
5
1
3
8
8
3
7
8
3
7
7
6
3
3
6
1
3
2
1
3
3
3
3
4
3
7
3
7
8
8
3
7
3
6
6
3
3
7
3
7
4
3
3
3
1
3
5
3
4
5
8
8
3
8
6
3
3
9
3
9
1
6
6
