3
5
8
6
8
5
9
8
8
5
8
9
6
9
0
7
2
5
9
9
7
7
8
7
8
5
8
7
8
9
5
9
8
8
7
8
7
7
8
5
5
7
7
0
8
8
7
0
5
4
7
0
7
9
3
7
9
9
9
5
8
8
8
7
2
2
9
5
7
9
8
9
8
5
5
8
7
5
1
9
9
7
6
7
7
7
8
9
0
2
9
0
8
8
7
5
8
9
5
7
2
9
7
8
8
0
8
7
8
7
7
0
9
7
8
8
7
9
8
0
9
9
9
9
7
7
2
8
8
3
4
3
8
9
6
7
2
6
3
8
9
9
7
9
0
8
8
9
1
9
5
8
8
0
7
7
9
8
5
7
7
2
6
9
8
2
9
5
9
8
8
7
1
6
8
2
8
3
5
4
7
5
9
9
5
8
7
0
9
8
8
8
8
9
7
7
5
9
9
9
7
8
7
8
5
0
2
5
0
9
7
7
8
5
0
8
9
7
3
3
5
7
9
8
7
6
9
7
2
9
8
8
8
9
8
7
8
9
7
9
8
7
3
7
7
2
1
7
9
5
5
5
5
5
5
8
7
9
7
8
9
9
9
2
4
5
7
7
8
9
0
0
0
8
8
8
7
9
7
9
9
8
7
7
8
7
9
8
5
9
9
5
8
7
0
0
8
7
0
1
0
8
7
8
7
8
9
5
7
8
8
6
8
7
3
8
8
5
7
4
9
9
7
7
8
2
0
9
2
4
8
9
