1
1
8
6
8
6
6
6
6
6
6
6
6
6
8
7
6
8
6
8
6
8
7
8
8
8
6
6
6
6
6
6
3
8
6
3
3
6
8
8
6
8
6
6
8
5
6
6
6
9
8
6
5
5
8
8
7
7
7
7
8
6
6
6
4
6
8
6
6
9
4
6
8
9
6
6
6
8
6
4
6
8
8
3
6
4
4
6
6
8
6
6
9
6
6
6
6
6
6
9
6
6
6
8
6
6
7
6
6
6
6
7
6
7
6
6
6
6
6
6
9
8
6
6
6
7
8
9
6
6
6
6
6
5
8
7
7
8
6
6
6
6
6
6
6
6
6
8
8
8
6
7
6
6
6
6
6
6
3
7
0
6
8
6
6
6
8
5
8
6
6
6
6
6
6
5
8
6
6
8
6
6
1
6
6
6
6
6
6
1
6
5
9
6
6
8
5
6
8
6
5
6
6
4
6
2
6
5
6
6
6
6
6
8
8
6
6
6
6
8
6
3
8
2
8
8
6
7
6
3
6
6
6
6
5
9
6
6
8
3
6
6
6
6
0
9
6
6
7
5
6
6
9
6
6
6
6
6
6
6
8
6
6
4
6
6
6
8
8
2
8
6
8
6
6
4
6
6
8
6
6
5
6
6
6
5
6
8
6
6
4
8
6
5
6
6
5
6
6
6
6
6
6
6
6
6
4
4
7
6
9
6
6
6
9
6
3
6
6
6
8
6
6
7
6
6
6
6
6
6
6
6
6
7
6
6
5
3
6
2
8
6
8
8
7
8
8
8
6
7
8
6
6
6
6
8
6
7
6
6
1
2
8
8
8
8
6
6
6
6
4
6
6
6
6
8
6
6
6
3
3
3
8
7
6
7
6
7
6
6
8
8
2
0
6
6
8
6
6
