8
7
9
7
9
1
9
3
9
9
9
9
9
9
9
9
7
7
7
9
9
8
9
7
9
7
7
9
9
9
7
7
5
5
6
6
9
7
9
5
9
7
9
7
3
7
9
9
7
7
9
8
9
9
7
4
9
9
9
7
7
7
8
7
2
9
9
3
7
9
6
6
8
7
8
8
9
7
7
9
9
7
7
9
8
8
7
2
9
9
7
9
9
7
9
7
6
1
7
7
7
6
6
7
7
9
7
9
8
2
6
4
9
7
7
8
7
7
9
9
8
9
9
7
9
3
4
3
4
7
6
9
7
9
8
7
9
7
3
9
5
9
9
7
7
8
7
5
8
5
9
7
9
9
7
9
9
9
9
7
7
8
9
9
8
9
7
8
7
7
9
7
6
4
9
8
8
7
9
7
9
7
9
9
9
9
9
9
7
7
7
9
9
7
9
9
9
6
9
9
1
9
7
8
9
4
9
7
7
7
7
9
8
7
9
8
8
4
4
9
4
9
9
7
9
7
7
9
0
8
9
9
6
6
9
9
7
9
9
7
1
5
9
2
7
9
7
7
9
4
7
7
8
7
7
9
9
9
8
9
9
9
9
9
7
7
9
7
7
7
7
5
9
9
0
9
