1
1
8
1
1
6
7
3
8
3
1
4
4
2
2
3
1
6
8
6
4
7
9
9
1
2
9
9
9
3
3
6
9
4
4
1
6
3
7
9
6
7
4
2
2
6
3
2
6
4
4
2
9
9
4
7
3
9
9
3
6
5
9
4
4
4
9
9
3
5
5
4
7
6
3
5
6
6
1
9
3
9
1
9
3
9
6
9
2
4
4
2
6
8
4
3
2
1
8
6
1
6
1
5
2
6
7
5
8
9
4
2
2
3
3
8
8
9
5
7
8
4
3
3
8
9
1
9
8
7
8
4
9
1
1
1
1
1
4
6
5
8
9
1
2
5
2
4
4
9
6
6
5
2
6
8
6
2
9
1
8
1
1
5
3
1
5
4
8
3
7
9
1
1
1
4
9
4
7
9
3
3
5
8
5
5
5
2
9
6
6
9
6
6
8
5
3
7
9
8
3
5
5
6
3
2
1
3
8
3
5
8
2
2
2
2
7
3
4
5
0
3
4
1
1
1
6
8
1
9
4
5
1
3
9
5
3
6
3
3
7
3
8
8
3
1
1
3
9
3
3
3
3
6
3
6
9
8
3
7
4
4
5
4
7
8
8
9
2
6
2
7
2
7
3
4
4
8
9
6
3
1
4
4
9
1
5
4
7
5
6
7
9
7
2
6
2
7
2
1
2
3
5
8
8
0
4
6
8
4
7
1
9
6
5
7
4
2
6
9
8
5
3
9
5
1
2
5
1
4
4
9
