6
6
1
9
6
6
5
3
7
0
2
8
5
2
6
2
8
7
7
5
8
6
9
7
5
4
4
5
9
5
7
6
7
7
2
0
6
6
2
7
9
9
4
9
4
9
2
2
0
0
5
6
4
4
1
6
7
4
6
4
7
7
7
5
4
5
5
3
6
0
8
9
4
7
7
6
6
6
6
9
1
9
5
9
6
4
4
4
9
6
3
8
8
5
8
5
5
4
6
7
4
5
5
9
9
2
5
6
4
7
0
6
5
2
9
6
4
4
5
8
4
6
5
9
1
4
1
6
9
8
0
5
9
7
4
6
8
5
3
5
7
4
9
4
9
6
4
7
6
6
8
5
9
5
4
4
7
5
2
5
6
4
4
6
9
5
7
4
7
9
6
6
1
4
8
6
6
1
4
7
4
6
8
7
9
9
9
3
6
3
5
6
8
5
2
9
7
2
5
4
6
6
6
7
5
3
8
4
6
7
4
8
7
6
6
6
7
1
8
7
5
6
3
8
5
6
7
6
2
9
5
5
5
5
9
7
6
9
3
9
6
9
7
6
4
2
5
5
8
6
5
7
4
7
5
8
5
9
6
4
7
2
6
9
9
3
7
4
7
6
7
5
5
9
9
5
